[0,
0,
0,
0,
0,
0,
0,
0,
0,
0.0173611111111,
0.0173611111111,
0.0173611111111,
0.0173611111111,
0.0360243055556,
0.0360243055556,
0.0360243055556,
0.0360243055556,
0.051686144333,
0.051686144333,
0.051686144333,
0.051686144333,
0.0637943341663,
0.0637943341663,
0.0637943341663,
0.0637943341663,
0.0728382621664,
0.0728382621664,
0.0728382621664,
0.0728382621664,
0.0794866191992,
0.0794866191992,
0.0794866191992,
0.0794866191992,
0.0843362931929,
0.0843362931929,
0.0843362931929,
0.0843362931929,
0.0878603037411,
0.0878603037411,
0.0878603037411,
0.0878603037411,
0.0904160354748,
0.0904160354748,
0.0904160354748,
0.0904160354748,
0.0922676948084,
0.0922676948084,
0.0922676948084,
0.0922676948084,
0.093608559411,
0.093608559411,
0.093608559411,
0.093608559411,
0.094579280184,
0.094579280184,
0.094579280184,
0.094579280184,
0.0952819391203,
0.0952819391203,
0.0952819391203,
0.0952819391203,
0.0957905248873,
0.0957905248873,
0.0957905248873,
0.0957905248873,
0.0961586267012,
0.0961586267012,
0.0961586267012,
0.0961586267012,
0.0964250446487,
0.0964250446487,
0.0964250446487,
0.0964250446487,
0.0966178658235,
0.0966178658235,
0.0966178658235,
0.0966178658235,
0.0967574202934,
0.0967574202934,
0.0967574202934,
0.0967574202934,
0.0968584226775,
0.0968584226775,
0.0968584226775,
0.0968584226775,
0.0969315229338,
0.0969315229338,
0.0969315229338,
0.0969315229338,
0.0969844290478,
0.0969844290478,
0.0969844290478,
0.0969844290478,
0.0970227196913,
0.0970227196913,
0.0970227196913,
0.0970227196913,
0.0970504324259,
0.0970504324259,
0.0970504324259,
0.0970504324259]
